PopClusters<-c("18","40","18","18","18","18","18","18","18","18","18","40","18","18","18","18","18","18","40","18","18","18","18","18","18","18","18","18","18")