PopClusters<-c("23", "78", "43", "43", "43", "43", "43", "23", "43", "14", "23", "23", "23")
               